5200050
3100104
5200100
3100203
1500107
2300101
2900108
2900207
4100103
4200051
1500131
4200101
3100302
2600054
1700251
3100401
2100055
2900306
1500206
2300150
2300200
2400109
2200053
4300034
2300309
5100102
1200013
5200134
2400208
3100500
3500105
5200159
3500204
4100202
2900355
2600104
2400307
3200102
2100105
2600203
1500305
2600302
2200103
4200200
4200309
1500347
3100609
5100201
2200202
2500106
2700102
5000203
3100708
4200408
2100154
3200169
2900405
5200175
5200209
2400406
2600401
4300059
3500303
3100807
2600500
3500402
4200507
3500501
3500550
3500600
3100906
4200556
5200258
4200606
3101003
4300109
3500709
4100301
3200136
2500205
1700301
3101102
2900603
2300408
3101201
4300208
3101300
2500304
2500403
2500502
2600609
2200251
2900702
3500758
3101409
2100204
2300507
2500536
5000252
2900801
2100303
4300307
3200201
4300406
2200277
4300455
3101508
1500404
2400505
5200308
3101607
3200300
3500808
3101631
4200705
2500577
2500601
2600708
1700350
2900900
1700400
1500503
3101706
2400604
4100400
4300471
5200506
3101805
4300505
3101904
5100250
1100015
3500907
1500602
2100402
4100459
2300606
3102001
2600807
3501004
3501103
1400050
4300554
2100436
2100477
1100379
5100300
4200754
5100359
3102050
2400703
4300570
5100409
5200555
3153509
2200301
5100508
4128625
1100403
5200605
4100608
2100501
4100707
3102100
3200359
2300705
5100607
4100509
2200400
3501152
1300029
3102209
3501202
3501301
3501400
3501509
3102308
1700707
4300604
1100346
3102407
2200459
5200803
4100806
1400027
5000609
1600105
2100550
4100905
2600906
4300638
5200829
2200509
2100600
2901007
1300060
2901106
2901155
3501608
5200852
3501707
3501806
4300646
2300754
5200902
2500734
3501905
2800100
3102506
4101002
2700201
2901205
4101051
1500701
2100709
3502002
1300086
1701002
1500800
5201108
1500859
2100808
5000708
5000807
4200804
3200409
2901304
4101101
2901353
3102605
3502101
4300661
3102803
3502200
3102852
5000856
2601003
4200903
2901403
2200608
1701051
2400802
3300100
2901502
4101150
5201207
3502309
3502408
5201306
2200707
4201000
4201109
1300102
4300703
2901601
4101200
2300804
2200806
2901700
4201208
3102902
3103009
2901809
5000906
2400901
4101309
4300802
3103108
2500775
3502507
3502606
5201405
5201454
1701101
5001003
3300159
3200508
5100805
3502705
2100832
4201257
2401008
2901908
5201504
2901957
4101408
1300144
2300903
2800209
5001102
2301000
4201273
2500809
3103207
2800308
3502754
2902054
2301109
2902005
3502804
2902104
3103306
2601052
2301208
3502903
3200607
5201603
3103405
5201702
5201801
1701309
1701903
1702000
5101001
1702109
5101209
1702158
2100873
5202155
3103504
1702208
2100907
5001243
2902203
4300851
2100956
3503000
3503109
3103603
3503158
2700300
1702307
3103702
4101507
3103751
4101606
4101655
3103801
5101258
4201307
2500908
4201406
3503208
3503307
2301257
2101004
4300877
2301307
2601102
3300209
4101705
2501005
2902252
4300901
2301406
2902302
2800407
4101804
3103900
3104007
3104106
3503356
3104205
2601201
3104304
3300225
3503406
2501104
2401107
2800506
2501153
2501203
3503505
3503604
5101308
5202353
2401206
3104403
3104452
3104502
5101407
1100023
3503703
4101853
3300233
4201505
2301505
2200905
2501302
2200954
2201002
3300258
1702406
4301008
4301073
4301057
4301206
4301107
4301305
4201604
3503802
5202502
3503901
4201653
4301404
4201703
3503950
4101903
2301604
3504008
1200054
4102000
2501351
2201051
3104601
4102109
4102208
2700409
1300201
4201802
3104700
3504107
3200706
1702554
1500909
3104809
4301503
2401305
4301552
2902401
3504206
5202601
2301703
4201901
1500958
1702703
1300300
3504305
3504404
3504503
1501006
2201101
5202809
2101103
1702901
1703008
2101202
2101251
2101301
2101350
3504602
3104908
4301602
1501105
2501401
2401404
2902500
1501204
2902609
2201150
2301802
3200805
3504701
3105004
5203104
4201950
4202057
4202008
4202073
4212809
4301636
4220000
4102307
3504800
2101400
3105103
2301851
3504909
2501500
3105202
3105301
4202081
5001508
4102406
1703057
1501253
2902658
4301651
3505005
3105400
4301701
2101509
5101605
3105509
4301750
2401453
2501534
3105608
2301901
3505104
4102505
1501303
2401503
1300409
3505203
2902708
4202099
3505302
2201176
2902807
2601300
2501609
2501575
2700508
3200904
2501708
2700607
5101704
3505351
2902906
2101608
5101803
4301859
4102703
2903003
1703073
3300308
4301875
4301909
4301925
2903102
3505401
2800605
4301958
3105707
3300407
4202107
4301800
4102604
2201200
2301950
2903201
2201309
1300508
2101707
2601409
3505500
3505609
2302008
2903235
5203203
2201408
2903300
2903276
1703107
2302057
4302006
3105905
3505708
3505807
5001904
2201507
2700706
3505906
5002001
2302107
3506003
2501807
3506102
2302206
2302305
5002100
4102752
5203302
3106002
2101772
4102802
2201556
4202131
2101731
1501402
2501906
2700805
2601508
2502003
2201572
2601607
3300456
3106101
4202156
2903409
2903508
3106200
2601706
2700904
3106309
3106408
1501451
2201606
2101806
4202206
1501501
1300607
4302055
3506201
2401602
4302105
2101905
3106507
3106655
2502052
3506300
2101939
1703206
3506359
2201705
3106606
1300631
2601805
2201739
3106705
2601904
3106804
3106903
4202305
3506409
3107000
3506508
3506607
2903607
4102901
4202404
4103008
3107109
3201001
4103024
3506706
2201770
2903706
2502102
4103040
2302404
1400100
2502151
4103057
4302154
4302204
4302220
2101970
4302238
1300680
4302253
2903805
2701001
1300706
2201804
3506805
3107208
4202438
3107307
4103107
2401651
2602001
5002159
3506904
3507001
2602100
3107406
3300506
2602209
2102002
4202503
5203401
3107505
4202537
4302303
2201903
2401701
2502201
2903904
3107604
2903953
2102036
5203500
3107703
5101852
3107802
3300605
3201100
4202578
4103156
1501576
1703305
3507100
2102077
4302352
2201919
4302378
3107901
4202602
4302402
3108008
4103206
2502300
3507159
4103222
4202453
1400159
3108107
2201929
5203559
3108206
2904001
2602308
2904050
1501600
5002209
3108255
2502409
5203575
2502508
4302451
2201945
2800670
2904100
3507209
3507308
1300805
2502706
3507407
3108305
3507456
4103305
4302501
3108404
3507506
3108503
2904209
4202701
4302584
4202800
4202859
4302600
1501709
3507605
4103354
2701100
3108701
1501725
5002308
3108552
4103370
1703602
1200104
2201960
5300108
3108602
5101902
3507704
3108800
5203609
3108909
2602407
3201159
2401800
2602506
1703701
2102101
3507753
2602605
2102150
2502805
2201988
2502904
2800704
1501758
2302503
2904308
2904407
1501782
1501808
5203807
4302659
3507803
3507902
2904506
3109006
2904605
4202875
4202909
3109105
3109204
2602704
2904704
3109253
2602803
1200138
1501907
3508009
3508108
2102200
5203906
2102309
5203939
1703800
2202000
2202026
2102325
5203962
2904753
2102358
1100452
3109303
3508207
3109402
4302709
1300839
2503001
5002407
2904803
2503100
2904852
3109451
5204003
2202059
2503209
1100031
2602902
3300704
3109501
3508306
3508405
2603009
4203006
3508504
4302808
1100601
4302907
5102504
2904902
5204102
3109600
5204201
3109709
3102704
1502004
1501956
4303004
2503308
5204250
3109808
2102374
3508603
3300803
1703826
2603108
4303103
3201209
2503407
2503506
2503555
2701209
4303202
1100049
3508702
5204300
2905008
2905107
3109907
2905156
3110004
2603207
2905206
2905305
4103404
3508801
4103453
4103479
3508900
3110103
5204409
4303301
4203105
4303400
2503605
2401859
2401909
2402006
3509007
2905404
3509106
3509205
2102408
2102507
3509254
2503704
2202075
2503753
3509304
2701308
2202083
3110202
3509403
2603306
1600204
3110301
2503803
5204508
5204557
2905503
2202091
4103503
4203154
2603405
2905602
2905701
3110400
2503902
2905800
3110509
5002605
4303509
2603454
4303558
4103602
4303608
4103701
4103800
4203204
3300902
3110608
3110707
1502103
2302602
2603504
3110806
3110905
3111002
2701357
4303673
5204607
2102556
4103909
4303707
3509452
4103958
2504009
4104006
3111101
5204656
5102603
3509502
2202109
4303806
5204706
4203303
2701407
5204805
2905909
2202117
3111150
3111200
4203402
4303905
4104055
2801009
3111309
4104105
4203501
3111408
2906006
2701506
5002704
2202133
4104204
2202174
5204854
3509601
4104253
2202208
4104303
4304002
1100700
5102637
2402105
5102678
3111507
5204904
4304101
5102686
3509700
3301009
3111606
1703842
4203600
3509809
2302701
5204953
2603603
3111903
3111705
1502152
5102694
3509908
2701605
2906105
3111804
2906204
5102702
3509957
2202251
2906303
2906402
2906501
3112000
1100809
4304200
2906600
4104402
4304309
2102606
3510005
3510104
2906709
4304358
4104428
4304408
4203709
2402204
4304507
2801108
2603702
2302800
2801207
3510153
4304606
4203808
2906808
1400175
3301108
4104451
3112059
2102705
2202307
2906824
4304614
1300904
1502202
4104501
4203253
3510203
4304622
4304630
4304655
4304663
3112109
2701704
2801306
4304689
3510302
2906857
3112208
3112307
3112406
2504033
3112505
2906873
3112604
4203907
2102754
2302909
4304697
3112653
2202406
3112703
2202455
4104600
1502301
3112802
3510401
4203956
4304671
1200179
2603801
3112901
4304713
1400209
2202505
5002803
3510500
3113008
2906899
4104659
3113107
3113206
3113305
3300936
3510609
3113404
1301001
2402303
2504074
2202539
2906907
4304705
3113503
2907004
3510708
3301157
3113602
1301100
1301159
3201308
2303006
2202554
2907103
2801405
2303105
1703867
2303204
2303303
5102793
4104709
4304804
3113701
4304853
3113800
3301207
3113909
3114006
3114105
3114204
3114303
3114402
5205000
1703883
2801504
3114501
2603900
2402402
2402501
2303402
2603926
3114550
2701803
1400233
2102804
2604007
3114600
2504108
1703891
2604106
2102903
3114709
3114808
3510807
3114907
2907202
4304903
3115003
4104808
2303501
1703909
4304952
3301306
2604155
2504157
3115102
3510906
5002902
1502400
5102850
1100908
5205059
3201407
2202604
3511003
4104907
2907301
3115300
5205109
3511102
4105003
4204004
2303600
3115359
3115409
2604205
3511201
2504207
2907400
2504306
2907509
4305009
3115458
2303659
5205208
2907558
2504355
3115474
2303709
5205307
3115508
4204103
2103000
4305108
2202653
2402600
2103109
3511300
2303808
2604304
2801603
3115607
4204152
4305116
1704105
4105102
2907608
3115706
2103125
3115805
2103158
2103174
1100056
5205406
3511409
3511508
4305124
4105201
4305132
2402709
4305157
4305173
4305207
4204178
3511607
4105300
5205455
2604403
2604502
2701902
3115904
3116001
4305306
1705102
1704600
3116100
5103007
3116159
5205471
4204194
5002951
2103208
4204202
3511706
4305355
4305371
2303907
3557204
1502509
3116209
4305405
4105409
2303931
2303956
2907707
4305439
1100924
4305447
4105508
2907806
4105607
5205497
2103257
4305454
2907905
3116308
4305504
3116407
3116506
5103056
3116605
3511904
4105706
2908002
1301209
2202703
2202711
4204251
2202729
5103106
5205513
2908101
1301308
2103307
2103406
3116704
2702009
2202737
1502608
3201506
5103205
3512001
4305587
2103505
5205521
1705508
1716703
5103254
3512100
4105805
2202752
2202778
2702108
4305603
4105904
1100064
3116803
1705557
3116902
3300951
3117009
5103304
2504405
3117108
3201605
3115201
2908200
3117306
3117207
3117405
3301405
2908309
1502707
2202802
3201704
2908408
2908507
2103554
3117504
3117603
3117702
1705607
3117801
3512209
3512308
4204301
1502756
2504504
2604601
2504603
2908606
2908705
4305702
3117836
3117876
5103353
2504702
3117900
3118007
3118106
4106001
3118205
5103361
3118304
4106100
3118403
3118502
4305801
3118601
4106209
2908804
3118700
4305835
2702207
4305850
3118809
2908903
4106308
3301504
3512407
2909000
4204350
3118908
3119005
2304004
2504801
5003108
2909109
3119104
4106407
3119203
3512506
2103604
3119302
4305871
4305900
4106456
2402808
3119401
4204400
2402907
2909208
2202851
3512605
4204459
3119500
3119609
4305934
5003157
4106506
3119708
3119807
3119906
5205703
3119955
3120003
4204558
2202901
2604700
2909307
2604809
5003207
5205802
5205901
3512704
4106555
1100072
4204509
2702306
3512803
3512902
1100080
5003256
2909406
3513009
4305959
5103379
3120102
1706001
4305975
5003306
2504850
2702355
2304103
2304202
3513108
2909505
4204608
3120151
2909604
4306007
3120201
3513207
4306056
4306072
1706100
2203008
3120300
5206206
3120409
5206305
3120508
2801702
2203107
2909703
5206404
1706258
2304236
5206503
3120607
2304251
4306106
2909802
2504900
4106803
3513306
4306130
3513405
3120706
4106571
4106605
4106704
4306205
1200203
2403004
3120805
4106852
3513504
2505006
5103403
2505105
2505238
2505204
1100940
5206602
2604908
1502764
2801900
3513603
4204707
4204756
3120839
2605004
2909901
2203206
1502772
4106902
4204806
4107009
2203230
2403103
2505279
3120870
2203271
2505303
1502806
2203255
1502855
1502905
2103703
5103437
3120904
2605103
1600212
5206701
2505352
5206800
1706506
2910008
3121001
4306304
2103752
5206909
3121100
3121209
2702405
3121258
2203305
5103452
5003454
2304269
4306320
3513702
4204905
3121308
2505402
3121407
3121506
4306353
3513801
2505600
4107157
4107108
4107124
3121605
5103502
1707009
2910057
4306379
3121704
3121803
4205001
5207105
3513850
2203354
2802007
3121902
3122009
3122108
3201803
3513900
3122207
3122306
5208301
1707108
3122355
3122405
3122454
3514007
3514106
4306403
4306429
5003488
1707207
4306452
2702504
4107207
3514205
5103601
2910107
3122470
3122504
1502939
2203404
4306502
2203453
3122603
2910206
4306601
2103802
4306551
3122702
3122801
3201902
2203420
4205100
3122900
4306700
2505709
3123007
3123106
3123205
3202009
3123304
3123403
2605152
5003504
4107256
3514304
3123502
5003702
4107306
4306734
4205159
4306759
2403202
4128633
5207253
3514403
3514502
3301603
2505808
1707306
3514601
2103901
3301702
3123528
3514700
3202108
5207352
5207402
1301407
5003751
3514809
1502954
4306767
2203503
3514908
2203602
3514924
2910305
3123601
2505907
3514957
3515004
3515103
3515129
4306809
2403301
2910404
4306908
4107405
4107504
3123700
3515152
3123809
3301801
4306924
3123858
2910503
4205175
3123908
4107538
4306957
4306932
1301506
1200252
2403400
4306973
4307005
2304277
2900504
4205191
4307054
4307203
4307302
4205209
3124005
2605202
4307401
3124104
3124203
2506004
4307450
4107520
1707405
2203701
2104008
4107546
1100098
3124302
2403509
3124401
3515186
3515194
2910602
4307500
4307559
2802106
4307609
4307708
3124500
3557303
2104057
4307807
3515202
3124609
2702553
3124708
5207501
3515301
3124807
4307815
2910701
3515350
4307831
3124906
2910727
2304285
3125002
3125101
2403608
2605301
2506103
4307864
5207535
3125200
3125309
2304301
1503002
4107553
4307906
3515400
2203750
1707553
2910750
5003801
4107603
4308003
4205308
4308052
5207600
4107652
4308078
1200302
2910776
2910800
2702603
2605400
2802205
2104073
3125408
2403707
3125606
3125705
4308102
2702702
5103700
4107702
4107736
3125804
2605459
2104081
2403756
3515608
3515509
3515657
3515707
1600238
2605509
3125903
3125952
4107751
5003900
1707652
5103809
1707702
2910859
2910909
5207808
2702801
4107850
4205357
3515806
4107801
2403806
3515905
2605608
4308201
5207907
2203800
4107900
2605707
2911006
1503044
2203859
3126000
4108007
2203909
4308250
4205407
4108106
3516002
3516101
1301605
4308300
3126109
4308409
5208004
2104099
4108205
2911105
4205431
5208103
3126208
1708205
4308433
2304350
4205456
2304400
3126307
1708254
2104107
4308458
2304459
2104206
3126406
4108304
4108452
4205506
3516200
2204006
4108320
2204105
3126505
4108403
2403905
3126604
2204154
3516309
3126703
2204204
3126752
3516408
2304509
4308508
3126802
3126901
3126950
2506202
2605806
2802304
4205555
3127008
3127057
2204303
3127073
3127107
2404002
3202207
3127206
3516507
2506251
3516606
3127305
2404101
4205605
2605905
5208152
3127339
2911204
2606002
2802403
3516705
4308607
4205704
1503077
4308656
4205803
4205902
3516804
5103858
4308706
2911253
3516853
2204352
4308805
5103908
4108502
2802502
3516903
2304608
4308854
2911303
3517000
4308904
2204402
2702900
4309001
3127354
3517109
2911402
5103957
5004007
2606101
4309050
2104305
4108551
3127370
3127388
2606200
5208400
5208509
5208608
1503093
5208707
2404200
5208806
1708304
5208905
1709005
5209101
4108601
4108650
3127404
2104404
2911501
3127503
3127602
5209150
2104503
4206009
2404309
2104552
2104602
1101005
3202256
2104628
2911600
2104651
2104677
3127701
2304657
2104701
2802601
2104800
4309100
4309126
4309159
4108700
2606309
2304707
2304806
3127800
4206108
2606408
4309209
4206207
2304905
2404408
3127909
4309258
4206306
3202306
2204501
4309308
3517208
3517307
3517406
4108809
4108908
2304954
1301654
1100106
2911659
2404507
4108957
2911709
3128006
3128105
3517505
3517604
3301850
4109005
5209200
4309407
4109104
3517703
2506301
3517802
3517901
4109203
3128204
4206405
2305001
3128253
1709302
5209291
2305100
4206504
3128303
3128402
3518008
4309506
5209408
4109302
3518107
5104104
3202405
4109401
4109500
3128501
3518206
3518305
2911808
3518404
4109609
3128600
3518503
3518602
2204550
5209457
3518701
4206603
3518800
4206652
3518859
3128709
5004106
3128808
2104909
3128907
5104203
3129004
3129103
2506400
2506509
1503101
1709500
3518909
4309555
5209606
3129202
2911857
3519006
4307104
4206702
4309571
5209705
2305209
5209804
3519055
4109658
2305233
4309605
3519071
2204600
4309654
4309704
1301704
2105005
3519105
5209903
3519204
2911907
3129301
3519253
2606507
4109708
4309753
2305266
3519303
2703007
3202454
4109757
3129400
3129509
4309803
3129608
4206751
2305308
2506608
2912004
2912103
4206801
2912202
2912301
2305332
2606606
2912400
2912509
4109807
2912608
3519402
3129657
3129707
3202504
4309902
2606705
4206900
2912707
2912806
4309951
3519501
2912905
3129806
4310009
2913002
3519600
3202553
2913101
3129905
3130002
3519709
2913200
2305357
4207007
3130051
4109906
2105104
3519808
2913309
2305407
3202603
2404606
3519907
2703106
2913408
3520004
2502607
3520103
3130101
2105153
2105203
1503200
1503309
2606804
3520202
3130200
2913457
2703205
4310108
3301876
2913507
3520301
4110003
2606903
3130309
5004304
2305506
4110052
3130408
4310207
3520426
2802700
2607604
2204659
3520442
3520400
2913606
4207106
3130507
4310306
2506707
4207205
4110078
4310330
3130556
4207304
4110102
4207403
4310363
2105302
4110201
5209937
2607000
4110300
3130606
3130655
4207502
3520509
4310405
2305605
3520608
4110409
3130705
3520707
5209952
2802809
5104500
2506806
3130804
2607109
4310413
2913705
1503408
2703304
3130903
3131000
2204709
5210000
3131109
5004403
3520806
4207577
3131158
5210109
3131208
2404705
2305654
3131307
2305704
3520905
4310439
2913804
3521002
3521101
3131406
2913903
3521150
2914000
4207601
4110508
5210158
5104526
2204808
4310462
1301803
1503457
2607208
4110607
5210208
4207650
3521200
2305803
3521309
4207684
2607307
2404804
1709807
2305902
3131505
4207700
2914109
1400282
2306009
4110656
3521408
4207759
4310504
3131604
2914208
2914307
1301852
4207809
3521507
3521606
2914406
2914505
4110706
4207858
2306108
2914604
4110805
4207908
1503507
3202652
2204907
5210307
4208005
4310538
2506905
2802908
2803005
2914653
3521705
2914703
5210406
2803104
3131703
3131802
3131901
3301900
2914802
1710508
3132008
3132107
2914901
1301902
2607406
4310553
2915007
2915106
2915205
2915304
3202702
2915353
3302007
4110904
3132206
5210562
5210604
1710706
3521804
2607505
2306207
2205003
4208104
2105351
3132305
4110953
2306256
1503606
2404853
5210802
4208203
3521903
3522000
2915403
3132404
2915502
3302056
2915601
3132503
1301951
3132602
2915700
3132701
4111001
4111100
2607653
2915809
3132800
3132909
3133006
2915908
3522109
3133105
5104542
2916005
3133204
3133303
3522158
3302106
5210901
3133402
2306306
2916104
2916203
2916302
3133501
3522208
2105401
4111209
4208302
3202801
4111258
3302205
2607703
2916401
3522307
3522406
3133600
3522505
2916500
2306405
3522604
1302009
4208401
5211008
3522653
1710904
2607752
2916609
2306504
4208450
3522703
5004502
1711100
3522802
2507002
2803203
2507101
1101104
4310579
3522901
3523008
5211206
3523107
2916708
4310603
5004601
2607802
3202900
2916807
3523206
2306553
3523305
5211305
4310652
3302254
3133709
3523404
4310702
2916856
3523503
2306603
2507200
2404903
3133758
5104559
1600253
5211404
2205102
3133808
4111308
3133907
3134004
2105427
5104609
3523602
3523701
2916906
2917003
3523800
2917102
3523909
2917201
2917300
3134103
3134202
5211503
3134301
3524006
1503705
4208500
3134400
3134509
3524105
2917334
3203007
4111407
4111506
4111555
4111605
5004700
5211602
4310751
4310801
2607901
4208609
2917359
3524204
4111704
4310850
3524303
3134608
2405009
2917409
2507309
2703403
1503754
3524402
4111803
3524501
5104807
3134707
4208708
2917508
2205151
3134806
2703502
4310876
1503804
3524600
4310900
3134905
4111902
2917607
3135001
4311007
2917706
3203056
2306702
4311106
4112009
2306801
2306900
2917805
3524709
2307007
4208807
3135050
2205201
3524808
3524907
3135076
3135100
5211701
4112108
2405108
2917904
3525003
2405207
5104906
4112207
3135209
2405306
3135308
2703601
2803302
3302270
2405405
4112306
2803401
3135357
5004809
4112405
1302108
2607950
4311122
5211800
4208906
5004908
2703700
2307106
5005004
4112504
2405504
2405603
2205250
2405702
4112603
3525102
4208955
4311130
3525201
1100114
5211909
4112702
2608008
5005103
2307205
2105450
2608057
2205276
3525300
1711506
5212006
5105002
3135407
3135456
2105476
3135506
2703759
2918001
3135605
3135704
3135803
2918100
2507408
3525409
3203106
2205300
3135902
4112751
5212055
1100122
2307254
2918209
2918308
4209003
3136009
3136108
3525508
2608107
2405801
2205359
2405900
2918357
2105500
3136207
3203130
2507507
3136306
3525607
3136405
2703809
2608206
2205409
4112801
2513653
2205458
4311155
4209102
3136504
1200328
4209151
3525706
2406007
2205508
3136520
3136553
2105609
3136579
5212105
5105101
2507606
1711803
3136652
2507705
2918407
2307304
2205516
2307403
2608255
2918456
2406106
5105150
3136702
2205524
4311205
3525805
3525854
2105658
2507804
2406155
2703908
3525904
4112900
2704005
3526001
2608305
4209177
3526100
3526209
3136801
4112959
2608404
2205532
2507903
2508000
1302207
3136900
5105176
1503903
5105200
2918506
5212204
4113007
2918555
2918605
1302306
5005152
3136959
4113106
1302405
4209201
3137007
5005202
2918704
3137106
2803500
4209300
2105708
2105807
2105948
2105906
2508109
2205557
4311239
2406205
2704104
1711902
3137205
2508208
2608503
2406304
2205573
2406403
2205565
2608453
2105922
2608602
2205581
2205599
1711951
2608701
3137304
4311270
3137403
3137502
3137536
2608750
2105963
2406502
2918753
2406601
5212253
3137601
2508307
4311304
4311254
3526308
2205540
4209409
5005251
2918803
3302304
1712009
4311403
4311429
4209458
2105989
2918902
2919009
2608800
2919058
2406700
2406809
3137700
2919108
3137809
5105234
3137908
2205607
4113205
2919157
3203163
3138005
4113254
1600279
3526407
2803609
4113304
3138104
2508406
4209508
2919207
4209607
1712157
3526506
3138203
2307502
4311502
3526605
3138302
4209706
3526704
3138351
2919306
3526803
4209805
3138401
5212303
4113403
4311601
3138500
2919405
4113429
2106003
3138609
3526902
3138625
2608909
2704203
1504000
2307601
4113452
3527009
4209854
4311627
4311643
3203205
3527108
2508505
2919504
1712405
4113502
4113601
2508554
4113700
3138658
4209904
3527207
2106102
3527256
3527306
5105259
3527405
2508604
3527504
5105309
2406908
3527603
2205706
2106201
2919553
2407005
3138674
3138682
4210001
4113734
3527702
3138708
4113759
3527801
4113809
3527900
3138807
4210035
5212501
2205805
1712454
3302403
2407104
2919603
4311718
2803708
1600303
2609006
2919702
3528007
2407203
3528106
2919801
3528205
2704302
3138906
4311700
1100130
3139003
2609105
4210050
3302452
2919900
2307635
2205854
2919926
3139102
2508703
1504059
2919959
4210100
1504109
2106300
3528304
3302502
2920007
2920106
3528403
3528502
5212600
4210209
2704401
2407252
4210308
3139201
2920205
2920304
2803807
2803906
4113908
2508802
2508901
5212709
4114005
3139250
4311734
1302504
2509008
1302553
2609154
1302603
1200336
4114104
4114203
4114302
3528601
4114351
3139300
3302601
4114401
3139409
3139508
1302702
2205904
4114500
1200344
4311759
2920403
2920452
3139607
3203304
4311775
3139805
2704906
5212808
1302801
1504208
3528700
2106326
3528809
4210407
5005400
1504307
2307650
2920502
2704500
2920601
2609204
2106359
2307700
2106375
1504406
3528858
4311791
3203320
4311809
2920700
2704609
4210506
3139706
2509057
5105580
4311908
2407302
2920809
2307809
2205953
2206001
4114609
2704708
3203346
1200351
4210555
2509107
3139904
4114708
4114807
3140001
4311981
4312005
1712504
3528908
2704807
3302700
3140100
3203353
4114906
4115002
3529005
4115101
4115200
3529104
3140159
4115309
4115358
3140209
1504422
2509156
3140308
4115408
3140407
4312054
4115457
3140506
2307908
3529203
2407401
3140530
2804003
4115507
5212907
2920908
2308005
2206050
2509206
4210605
4312104
2921005
2705002
2106409
3140555
3529302
2509305
1712702
4115606
3140605
3140704
3171501
3140803
3140852
2206100
2921054
2106508
2509339
4115705
3140902
4312138
2509370
4312153
4312179
4115739
3141009
2106607
2106631
4210704
3141108
5212956
2705101
5105606
2509396
3141207
3529401
4115754
1302900
5213004
1712801
2308104
2407500
4312203
1600402
3141306
2921104
4115804
1504455
3141405
4210803
1504505
3302809
3141504
3529500
4115853
3141603
3529609
2308203
3529658
3302858
3141702
2705200
2407609
2206209
2921203
2206308
3302908
3529708
2308302
2921302
2106672
2308351
2206357
5213053
3203403
5213087
2705309
4312252
3141801
3141900
5213103
3529807
1101203
3530003
3142007
3529906
3303005
1713205
2106706
4115903
3142106
4312302
3142205
2308377
5005608
2106755
2609303
3530102
2921401
1713304
2921450
1101302
3530201
4116000
3530300
5105622
3530409
3142254
4210852
2106805
4116059
2308401
1504604
3530508
4210902
3142304
3142403
2509404
3530607
3530706
3530805
5213400
2804102
1504703
1504752
2308500
3530904
2106904
3531001
4211009
3531100
3142502
2206407
2206506
3142601
2308609
2509503
3142700
3203502
2407708
4312351
1504802
2407807
5213509
3142809
2804201
2206605
3531209
4312377
3531308
3531407
3142908
3531506
3143005
4312385
4211058
3143104
4211108
3531605
2407906
1713601
3143153
2509602
3531803
1101401
2921500
3143203
1713700
3143401
2509701
3531704
2705408
4312401
2107001
3143302
5213707
3143450
5213756
5213772
2308708
3143500
2308807
2614303
4116109
2609402
4312427
2921609
4116208
5213806
2308906
4312443
3531902
5213855
2206654
4211207
3143609
2921708
2206670
3143708
4211256
4312450
4312476
2107100
2921807
3532009
5213905
2408003
4312500
3532058
5214002
1504901
1400308
2309003
2921906
4312609
2922003
3203601
4312617
4312625
2509800
2309102
2922052
2922102
5005681
5214051
3143807
4116307
2922201
3203700
2922250
3203809
3143906
2804300
2705507
2206696
1713957
2922300
3532108
2922409
3144003
5214101
3144102
3144201
3532157
3144300
4312658
3144359
3532207
2408102
3144375
3144409
1714203
3303104
3532306
2509909
4211306
5005707
2922508
1714302
2609501
2206704
3532405
3144508
2510006
2206720
5214408
2804409
3144607
5214507
3532504
1303007
3532603
4312674
2922607
3303203
2107209
3144656
5005806
3532702
5214606
2408201
3303302
5105903
4312708
2922656
1400407
5106000
2804458
2804508
2804607
4116406
2804706
2206753
5106109
2804805
2206803
3532801
4116505
4312757
5006002
5214705
4116604
5006200
4312807
4116703
5214804
5106158
4312906
3144672
4312955
5106208
1100148
4313003
3532827
2922706
5106216
3532843
4313011
4116802
3532868
2107258
5214838
2408300
3144706
4211405
4116901
1504950
4116950
4313037
3532900
4117008
2922730
2510105
3303401
5214861
3533007
5108808
3533106
4313060
2922755
3303500
5214879
3533205
2107308
1504976
4211454
2922805
5106182
4117057
3144805
4117107
3533304
1100338
5108857
5108907
3144904
5108956
5106224
5106174
3533403
4117206
5106232
1714880
2309201
2510204
2107357
1303106
4313086
4313102
2510303
4313201
3145000
3145059
4313300
4117255
4313334
2922854
3145109
5214903
4313359
1715002
2309300
4117214
5106190
4313375
2207959
4117222
3145208
2922904
4117271
1505007
4211504
5106240
3136603
1101435
3203908
4211603
5215009
2923001
5106257
3533254
1715101
1303205
1715150
1303304
4313490
5215207
4313391
3145307
5215231
4313409
4211652
3533502
2923035
5106273
1100502
5006259
4117297
1715259
2705606
4313425
5106265
2309409
3145356
2206902
5215256
1505031
1505064
2206951
5106315
5106281
4313441
2923050
4313466
3145372
3533601
1505106
2309458
3533700
2207009
1505205
1600501
3145406
3533809
2510402
2107407
2705705
2705804
2207108
2705903
2408409
3145455
3533908
3145505
2609600
2107456
2923100
2510501
3145604
1715507
2923209
3145703
2706000
3145802
3534005
3145851
3534104
3534203
1505304
3145877
5215306
3534302
4211702
2609709
2609808
2309508
4117305
3534401
3534500
4313508
3534609
4211751
1505403
2923308
2609907
1505437
3534708
4117404
4211801
3145901
2408508
2706109
3146008
3146107
1100155
2510600
4211850
3534807
5215405
3146206
4117453
3534757
2923357
5215504
3534906
1505486
2309607
1400456
2309706
2804904
2107506
2309805
2309904
5215603
3146255
2207207
3146305
2207306
3146552
4211876
4117503
4313607
3146404
4211892
3146503
3146602
2207355
2706208
3535002
5215652
1505494
2310001
4211900
3146701
4212007
2310100
2610004
4313656
3535101
4117602
1721000
2923407
4117701
4212056
3535200
4313706
2207405
2706307
2207504
2107605
1715705
2923506
5215702
1713809
2610103
1715754
5215801
5215900
3535309
4117800
4313805
4212106
3146750
4117909
5216007
4313904
3204005
2610202
3535408
4313953
2706406
3146909
4212205
2207553
3147105
3303609
3147006
2310209
1505502
3147204
3535507
4314001
3303708
2107704
3535606
2310258
3535705
4212239
5006275
4118006
4314027
1716109
3147303
2310308
2923605
2310407
1716208
2408607
4118105
4118204
5006309
5216304
5106299
3535804
4118303
3535903
2610301
5106307
4118402
5006358
3147402
3536000
2510659
2923704
3303807
2408706
1505536
5216403
2408805
3536109
4314035
1101450
2408904
2706422
1303403
2923803
2706448
3536208
3536257
2207603
2207702
2403251
2610400
2107803
4314050
2409100
3147600
4314068
3147709
3147808
3147501
2409209
2510709
2107902
2207751
2610509
2706505
4212254
4314076
4314100
3147907
4212270
2108009
3147956
4118451
4118501
2510808
3148004
2207777
3148103
3148202
3536307
2409308
3303856
2923902
1505551
1716307
2207793
2409407
2610608
1303502
3148301
4118600
3536406
3536505
2108058
2510907
2610707
2207801
3536570
3148400
2924009
4314134
3536604
4118709
2706604
4212304
2108108
3148509
4314159
2207850
2924058
4118808
3148608
3536703
2610806
3148707
3536802
3148756
2511004
2310506
1600154
3148806
3148905
3149002
2409506
2511103
2805000
2409605
5106372
3149101
3536901
2924108
4314175
2511202
3149150
4212403
3537008
3537107
2108207
2805109
3537156
3149200
1716505
2924207
2409704
3204054
3537206
2108256
5006408
2207900
2207934
3149309
4314209
2512721
3149408
2409803
1716604
1505601
5106422
4314308
4314407
2310605
2108306
3537305
2409902
2706703
4212502
2310704
3149507
3149606
1716653
3149705
3149804
3149903
3537404
3537503
2310803
2108405
3149952
4212601
2108454
4118857
4118907
4119004
5216452
3537602
3150000
4212650
2610905
2611002
4212700
2611101
5216809
3303906
2706802
3537701
2511301
2924306
3150109
4314423
1505635
2208007
2511400
3537800
3150158
3150208
3150307
3150406
4119103
2924405
2511509
2706901
5216908
3537909
2410009
2511608
2511707
3150505
1100189
2208106
1101468
2924504
3538006
2108504
2707008
2924603
3538105
1717008
2310852
3150539
4119152
4314456
4314464
4119251
4314472
4119202
3538204
4212908
2805208
4119301
3303955
4314498
2108603
4314506
4213005
3204104
2924652
4314548
3150570
2208205
2108702
3538303
2310902
3538501
3538600
5217104
3150604
3538709
2208304
3304003
2924678
4119400
3538808
3150703
3538907
2805307
3150802
3539004
3150901
3151008
2707107
5217203
2108801
3151107
4314555
3151206
3539103
3539202
4119509
1717206
3539301
4314605
3539400
4213104
3151305
5217302
5217401
2310951
2924702
2208403
2924801
2511806
4119608
3539509
4119657
3151404
2511905
1717503
3204203
3151503
1505650
1200385
5217609
4119707
2924900
2925006
4314704
3539608
4119806
4213153
5106455
3151602
3539707
3539806
2611200
2108900
2512002
2410108
2512036
4314753
2707206
2512077
3151701
2805406
2805505
2925105
5106505
3151800
3151909
2925204
3539905
2512101
2611309
4213203
3540002
3152006
3540101
1505700
4119905
5006606
3540200
5106653
4119954
5217708
3540259
4314779
4213302
1717800
4213351
1717909
5106703
3152105
4314787
4213401
5106752
3540309
3204252
3152131
3152170
2925253
3540408
2311009
3540507
5218003
3304102
4120002
2410207
4314803
5218052
2311108
3152204
1505809
5218102
2208502
1200807
4314902
5106778
2208551
1718006
4120101
4120150
4213500
2707305
2805604
1505908
2707404
2410256
5106802
5106828
5106851
3540606
3540705
3152303
2109007
1600535
4315008
4315057
5006903
1718204
3304110
2707503
4120200
2109056
2925303
4213609
1100205
4315073
4120309
1200393
4315107
5218300
3152402
2311207
3540754
2925402
3540804
2311231
3152501
3152600
4315131
4213708
5107008
3540853
1600550
2925501
4120333
3540903
3152709
3541000
4213807
1718303
1506005
4120358
3152808
2512200
2208601
3541059
3152907
3153004
3541109
3541208
3153103
4213906
4120408
2925600
2109106
3541307
1303536
4214003
2925709
3153202
2109205
1718402
3204302
3153301
4315149
1100254
2109239
4214102
3153400
3541406
2109270
2925758
2109304
3541505
2611408
1506104
1101476
5107040
2109403
4120507
4214151
2512309
5218391
4315156
3541604
2805703
4315172
3153608
4120606
1718451
2410405
4315206
2512408
3541653
4315305
3153707
4120655
3541703
4120705
1506112
3304128
4120804
4315313
4120853
2707602
4120903
2208650
2512507
2925808
3304144
3541802
3541901
3153806
5107065
4121000
4315321
2925907
4214201
4121109
3542008
4315354
2611507
5218508
3304151
4121208
2311264
2512606
2611533
2925931
2311306
2311355
2311405
2311504
2410504
2410603
2925956
3542107
4121257
3542206
4121307
4121356
4214300
2109452
3153905
3154002
4121406
4121505
2611606
3154101
1718501
1506138
2311603
3542305
2208700
4315404
3154150
2208809
3542404
3542503
3542602
4315453
2926004
2512705
4121604
2311702
3304201
3154200
4121703
5107156
4121752
3154309
3154408
3542701
4315503
2926103
2512747
2109502
2926202
2512754
2805802
2926301
2512762
1718550
3154457
2410702
2611705
2410801
2926400
2512788
2512804
3154507
2208858
2410900
2805901
5218607
5218706
2109551
5007109
3542800
2926509
2208874
2926608
2611804
3542909
3543006
5107180
4121802
3543105
3154606
2926657
4121901
3543204
3543238
3543253
3543303
3543402
3154705
5107198
2208908
2806008
3543600
3543709
3543808
3154804
4122008
3204351
4122107
3304300
4122156
5107206
1200401
4122172
4122206
5007208
3154903
3304409
3543907
1100262
1718659
4214409
3304508
3304524
3544004
2926707
3304557
2926806
4214508
2408953
4214607
2926905
3155108
4214805
3155009
1718709
4214706
4315552
3155207
2611903
4214904
4315602
3544103
2209005
2707701
3155306
1506161
4215000
5007307
4122305
3155405
3204401
3155504
4315701
3155603
3155702
3155801
3155900
1303569
5218789
2927002
4215059
1718758
2512903
5218805
5007406
3156007
3544202
4315750
4215075
3156106
3543501
4315800
5007505
3156205
4215109
4315909
3156304
2927101
2411007
1200427
4315958
4122404
4316006
1100288
3156403
4215208
4122503
4316105
4316204
5107578
4122602
1506187
5107602
4316303
1400472
3544251
2109601
3156452
2806107
4122651
4316402
5107701
3544301
2707800
3156502
3544400
5218904
3156601
3544509
1506195
2311801
2411106
2927200
3156700
4122701
3544608
3156809
2311900
3156908
4316428
3544707
2612000
4316436
3544806
3544905
3545001
4215307
2513000
2612109
2806206
2513109
4122800
2612208
3157005
2927309
1506203
2311959
3545100
2612307
4215356
3545159
3545209
3157104
3545308
5107750
4122909
4316451
4123006
3545407
4215406
2927408
4316477
4316501
1506302
2109700
1718808
4316600
5219001
1718840
3545506
4215455
2612406
4317103
3545605
3545704
4123105
2927507
3157203
3545803
5219100
3157252
3157278
1506351
4316709
3157302
3546009
2927606
5107248
4215505
2513158
4123204
4316733
3546108
4316758
2411205
2513208
2612455
2927705
2612471
3546207
3546256
2927804
3546306
5219209
3157336
4123303
3157377
1506401
2612505
3157401
2209104
3546405
4316808
5107743
2209153
3157500
3546504
4123402
5219258
3157609
1718865
3546603
2209203
2612554
2109759
3546702
4123501
4215554
2109809
2513307
5219308
3157658
2927903
4123600
2513356
2109908
3546801
5219357
4123709
1303601
4123808
1506500
3157708
3204500
3546900
4123824
2209302
2110005
2928059
3157807
2513406
1100296
2806305
2707909
1506559
2110039
3157906
4316972
4316907
2409332
2612604
3547007
2928109
1506583
3158003
3204559
2612703
4316956
4123857
1506609
3158102
3158201
1718881
3304607
4123907
3547106
4123956
2312205
2110104
2110203
2513703
3547403
3159209
2928406
3159407
3159308
3159357
5219407
3159506
5219456
5007554
3547502
3159605
1718899
5107768
4317202
3159704
5219506
4215604
2806503
3547601
2209377
1200435
4215653
1718907
3547650
3204609
2928505
2513802
4317251
5219605
4124020
1719004
4215679
5107776
2612802
5219704
4124053
4215687
1720002
3159803
4317301
2928000
2928208
1600600
4317004
3547205
3158300
3158409
2513505
3547304
3158508
2312007
1506708
2312106
3158607
3158706
2708006
4124004
3158805
3158904
2110237
2411403
2708105
3158953
2209351
3159001
2806404
2411429
2513604
3159100
2928307
1506807
1506906
4317400
4215695
5107263
2928604
4215703
2806602
2110278
3547700
3547809
2513851
4317509
2411502
3547908
5219712
4317608
4124103
4317707
5219738
2928703
2209401
3304706
3548005
3159902
3548054
3160009
4124202
5219753
3160108
1303700
3160207
3160306
3548104
5107792
5107800
3160405
4317558
4124301
3548203
4317756
3160454
3160504
4124400
1507003
2110302
2209450
4317806
4317905
2928802
3548302
4317954
3160603
4124509
2209500
3548401
3548500
3160702
2312304
2110401
2612901
2513927
2513901
2110500
3160801
2411601
3548609
4215802
1720101
2411700
2613008
4215752
2110609
3548708
4215901
4318002
2708204
3160900
2209559
2613107
1507102
3548807
3548906
4216008
4124608
2806701
4216057
2928901
2928950
4216107
2513968
2806800
5219803
3160959
1507151
2110658
1507201
2513943
2110708
3204658
3161007
4318051
2929107
1101484
2929008
2110807
3161056
5107859
2929057
2209609
1720150
1507300
2411809
3304805
3549003
2513984
2806909
3161106
4318101
2209658
5219902
3304755
4318200
3161205
3161304
2110856
2929206
3161403
1101492
2110906
2411908
1507409
2209708
4216206
4318309
2929255
1303809
3204708
5007695
3161502
3161601
1507458
3161650
3304904
3161700
2412005
2312403
2209757
3161809
2209807
3161908
3125507
3162005
2929305
3162104
4318408
4124707
4124806
2613206
2111003
4216305
3162203
5220009
1400506
3305000
3549102
2209856
2209872
3162252
3162302
5220058
1507466
3162401
2209906
4318424
2209955
3549201
3162450
3549250
3305109
1507474
3162500
1507508
2209971
4124905
2514008
2111029
4216354
4125001
2312502
3162559
3162575
4216255
3162609
3162658
3162708
2111052
3549300
2210003
4318432
2500700
2412104
2111078
4216404
2514107
4125100
2111102
3162807
3162906
4216503
3549409
3162922
2613305
4318440
4125209
4125308
4125357
4216602
3162948
3549508
4125407
2613404
2514206
2708303
3162955
3163003
2708402
3163102
2929354
4318457
4125456
2514305
2514404
2412203
2514503
2514552
2111201
3305133
3163201
3549607
2613503
2514602
2514651
3204807
2412302
4216701
4216800
2210052
3163300
2613602
3163409
4318465
4318481
4318499
2929370
3163508
3163607
4318507
4318606
2210102
2210201
5107297
5107305
3549706
3549805
2514701
2412401
4318614
3305158
5107354
4318622
2111250
3549904
2514800
4125506
5107107
2514453
2210300
4318705
3163706
2613701
3549953
4216909
2210359
4318804
4217006
2111300
5220108
2312601
2210375
2708501
2111409
1400605
5220157
3550001
4318903
2514909
4125555
3550100
4319000
4217105
4319109
4319125
3204906
2111508
4125605
2412500
3550209
2210383
4217154
2929404
4319158
2515005
2807006
3163805
5220207
2210391
2412559
1507607
1100320
4125704
4217204
5220264
2210409
1720200
2708600
2708709
4319208
5220280
3550308
4319307
1303908
2412609
2412708
3550407
2111532
3305208
5107404
4319356
3163904
4319364
4217253
4319372
4125753
4125803
4125902
2210508
3164100
4319406
3550506
2111573
3164001
2412807
2111607
2111631
2210607
2111672
3164209
3550605
3164308
3204955
1720259
3550704
2708808
4126009
3164407
1507706
3550803
3164431
2515104
3305307
3164472
4319505
3164506
3164605
3164704
2929503
3164803
3164902
1720309
1303957
2515203
4319604
3550902
5220405
3165206
3165008
3165107
4126108
2412906
4319703
4319711
1720499
4319737
4319752
3551009
2413003
3165305
2515401
4319802
2613800
2111706
2515302
2929602
5107875
4319901
4126207
3165404
1507755
3305406
4320008
3305505
4126256
4320107
3551108
3165503
3551207
3165537
2929701
2708907
2111722
2929750
4126272
4217303
2929800
4217402
2929909
4217501
3551306
2210623
2930006
2210631
4320206
4320230
4320263
4320305
5007802
3165560
1200500
2111748
3165578
5220454
3165602
2413102
3165701
2413201
1200450
3165800
1507805
2111763
3165909
2312700
2708956
2312809
4320321
4126306
2930105
3166006
3166105
3166204
4320354
2930204
4320404
3166303
1101500
4320453
3166402
3305554
3205002
4217550
3551405
3166501
2515500
2410306
2515609
3166600
2413300
2413359
1600055
2930154
3166808
3166709
2930303
2515708
3551603
2413409
5107883
2930402
2515807
2613909
3551504
3166907
2111789
5220504
3166956
4126355
3167004
2515906
2413508
2930501
2413557
2614006
3167103
2930600
4126405
2614105
4126504
4320503
4320552
3551702
2515930
3551801
4320578
3167202
5007703
3165552
4320602
2413607
3551900
4217600
5007901
2210656
3305604
5220603
1720655
4320651
3167301
3552007
1304005
3167400
2807105
3167509
2210706
2930709
5220686
3167608
2210805
4320677
5107909
4126603
2614204
2807204
5220702
2930758
2930766
2111805
2413706
1720804
2930774
4320701
2515971
2312908
3167707
3552106
2210904
2516003
2516102
4320800
3167806
2614402
2313005
4217709
5007935
3205010
3552205
5107925
2516151
1507904
2516201
2930808
1720853
2111904
2111953
3552304
4217758
4126652
3552403
2516300
3305703
2614501
2210938
3552551
3552502
4320859
5107941
3552601
3552700
1304062
2614600
3552809
2930907
2413805
3167905
2313104
2614709
2614808
3552908
2516409
5007950
3553005
1720903
3553104
1507953
4217808
3168002
1720937
2413904
3553203
1720978
2614857
4126678
3553302
4126702
2313203
2210953
3553401
2414001
4217907
5107958
3305752
2931004
2709004
2210979
2931053
2931103
3168051
1304104
4126801
4320909
4321006
2931202
2516508
4321105
4126900
3168101
3168200
3553500
2931301
3553609
5108006
4321204
3168309
3553658
5221007
2709103
4321303
3553708
2615003
3553807
3553856
4321329
5007976
3553906
1200609
2313252
1600709
3553955
3168408
2112001
3554003
2313302
3554102
4321352
2516607
1304203
2516706
2931350
4127007
3168507
1101559
2313351
3554201
4127106
2807303
2414100
2414159
4321402
2516755
2931400
3554300
2931509
3168606
2931608
2709152
5008008
2211001
5221080
3305802
2615102
5221197
1507961
4127205
4321436
2931707
2615201
5108055
4127304
4127403
3554409
1507979
5108105
4321451
1101609
2313401
4127502
2411056
2414209
3554508
4217956
4218004
4127601
2615300
2414308
4218103
2112100
4218202
4218251
3554607
2112209
3168705
4321469
3168804
4321477
3168903
2807402
1721109
1721208
3169000
3169059
3169109
4127700
2807501
4127809
3169208
1508001
1304237
2615409
5108204
4321493
3554656
4321501
3554706
2414407
3554755
1508035
2615508
2709202
1508050
2313500
3305901
4321600
4321626
2931806
3554805
4321634
4218301
4127858
4321667
3169307
4321709
4321808
4321832
3554904
5008305
3169356
4321857
4321907
3169406
5221304
3306008
4218350
4218400
4218509
5221403
2615607
4321956
4322004
2516805
2615706
2414456
2112233
5221452
4218608
4218707
2931905
1508084
4322103
1508100
2112274
3554953
3169505
4218756
4322152
4127882
4127908
2112308
3555000
3169604
2615805
4322186
4322202
4322251
4322301
2615904
4127957
3555109
1721257
1721307
2112407
2112456
3555208
3555307
3169703
4322327
2313559
5221502
5221551
4127965
4218806
3169802
2112506
1304260
2932002
3169901
3170008
2932101
2932200
2313609
3170057
3555356
2932309
3555406
3170107
3170206
3555505
4128005
4322343
3555604
2932408
1400704
5221577
2516904
1508126
2313708
2414506
2807600
2932457
3170305
2517001
2313757
4128104
2932507
3170404
2211100
4322350
4128203
3170438
4218855
5108303
2709301
3555703
4128302
4322376
2414605
4128401
2932606
3555802
2112605
3555901
5221601
5221700
3170479
1508159
4218905
2313807
3170503
1304302
2932705
2211209
3170529
1304401
4322400
2313906
1101708
4218954
3556008
4219002
5221809
2932804
4322509
5108352
1101757
1101807
4322533
4322541
4322525
2932903
3306107
2211308
2933000
3556107
3556206
3556305
5221858
4322558
4219101
4219150
3556354
3170578
3205036
3170602
4219176
2112704
3170651
3556404
3556453
3170701
5221908
3170750
2313955
3306156
2414704
2517100
2314003
2211357
3170800
2933059
2933109
2211407
5108402
2933158
3556503
2933174
3170909
3306206
3171006
4322608
3205069
2414753
4128534
2616001
5108501
2414803
2933208
4322707
3556602
4128559
2211506
4322806
2616100
3171030
4128609
2933257
3171071
3171105
3171154
2616183
2616209
3171204
4322855
4322905
4323002
3205101
2112803
5222005
2616308
4323101
5008404
5222054
2414902
2709400
3171303
2314102
4323200
4219200
4219309
3171402
2517209
1508209
5105507
5222203
2415008
4323309
4323358
4323408
2211605
4323457
2112852
3205150
5222302
5108600
3205176
3205200
1100304
3556701
3556800
3171600
3171709
3171808
3171907
4128658
3172004
1508308
4323507
3556909
4323606
4323705
2505501
4219358
3205309
3556958
2933307
4323754
2616407
1600808
2112902
1508357
4128708
2113009
3172103
3306305
3557006
3557105
2933406
2211704
1722081
2933455
3172202
4128500
2933505
4323770
4219408
1722107
4128807
4323804
4219507
1200708
4219606
4219705
2616506
1508407
2933604
2517407
3557154
2114007
4219853
